500
15
-20
14
-17
1
-8
2
-6
-14
-17
8
11
5
17
-19
-1
-2
16
17
16
7
-20
2
-17
17
10
5
-2
-11
-19
10
-20
11
8
-8
12
3
3
1
16
-5
12
15
2
-15
7
-17
-12
8
-15
-11
9
8
18
8
19
9
9
7
13
8
12
4
-4
6
-8
-16
18
-3
-18
-17
3
-19
-17
13
4
-10
1
2
-8
14
1
18
5
-19
-12
0
-1
-1
-15
12
-13
9
10
18
7
-16
19
13
0
15
9
-13
-13
15
15
-13
-8
-4
-12
-3
-12
6
1
1
-18
-19
-14
2
-20
1
-20
4
7
0
14
-12
-3
-15
18
-1
-3
-16
-3
14
16
3
5
-8
14
-11
-5
-16
-18
9
-7
-7
-13
-6
-2
-17
3
-8
7
0
-15
-19
-8
10
-10
8
-12
-17
11
2
2
-9
18
7
0
-20
6
-8
12
-12
0
7
0
-14
19
-6
6
6
3
-13
-20
-2
-7
-17
-14
-3
-6
-2
18
3
17
11
15
-10
17
13
-7
-17
8
-20
-17
-16
16
15
7
-4
8
-10
2
-9
3
-12
3
-8
-9
15
-15
-12
-15
-5
3
14
15
-20
-20
-13
-3
3
-8
-14
4
18
-3
-20
-8
19
-11
8
1
-10
11
-13
5
-15
12
6
-13
-11
0
16
3
-9
0
-11
5
-3
19
-17
-17
-7
12
12
-6
-14
6
-7
15
9
-13
-19
-2
17
-8
-15
-16
12
-10
7
-2
17
13
-9
8
10
-7
-14
3
-3
1
-7
-3
17
-18
-2
-5
-4
17
13
-11
-14
-16
-20
-1
-7
-5
-7
-5
3
-15
-5
-2
-13
0
3
-15
-5
-3
-12
17
-19
17
-15
16
-15
-11
-9
5
-17
-17
3
-6
-10
-19
-4
-12
12
1
19
8
6
6
-6
-12
-6
10
-20
4
-13
-19
-4
7
14
-15
16
-7
-13
-14
15
-15
-11
-17
0
-10
13
-15
-11
5
-5
-4
-8
-2
-9
-19
13
-15
8
19
17
-5
3
-8
0
-19
6
-7
13
-2
13
-20
14
0
-12
2
-18
17
6
-11
-1
19
-2
-12
-9
5
-4
5
-5
19
11
-6
-6
-20
-8
7
19
-5
13
18
8
-7
7
12
-3
0
-11
8
-20
-13
18
1
11
-4
13
-16
9
5
-9
-9
-4
4
-4
8
-17
1
13
17
-14
9
-3
-4
-14
0
19
-7
3
-5
16
-8
11
-12
-14
4
8
-15
15
17
13
-9
6
18
17
-14
-13
-4
-16
16
17
-17
-17
0
-3
-10
18
13
-16
-11
8
-9
-19
10
17
12
-4
7
15
-14
