500
-0.0128789
-1.22597
0.565673
0.427402
-0.844831
1.61834
4.06293
1.36211
-0.508372
1.75721
0.172835
0.0757922
-1.36158
0.433799
-2.1534
-1.32509
2.1648
0.474319
-0.83689
-0.271051
0.0252902
-0.659831
0.355867
1.68034
-0.462927
-0.419832
0.496256
0.952939
0.677793
0.530397
0.224986
1.18478
0.201665
-1.40022
-0.785604
0.871596
-1.94583
0.659195
-0.294524
-1.73525
1.03508
1.12054
0.977953
0.118032
0.578336
0.477978
0.0444389
1.55145
-0.475616
0.58969
0.61562
0.592348
-0.0490687
-0.00883163
-0.166743
2.65033
1.37947
1.74885
-0.604564
1.6565
0.50488
-1.54506
0.447586
-0.312998
1.69474
0.663997
0.410857
0.272978
-0.398623
0.721178
1.70311
-0.676597
-0.0160588
-1.56122
-0.579378
0.479598
0.716472
0.987256
-0.549116
-0.784751
1.85834
1.50545
0.712199
1.34777
-0.665058
-0.746956
1.26384
0.113406
-1.14668
-1.28097
-0.908446
0.706154
1.0131
-0.507443
-1.24415
-0.149989
1.06522
-0.328668
2.03364
0.392995
-0.715802
0.0933844
-2.15484
-0.359436
-0.743499
-0.451617
-0.726655
-0.12922
1.39365
-1.25364
-1.07893
-1.39165
-1.10552
-0.257343
-2.04929
0.579821
-1.28892
2.08576
-0.829218
1.13293
0.292234
0.906548
1.18438
-0.492267
-0.474252
-0.411309
0.707342
-0.782647
0.241516
-0.835528
0.379348
0.572171
-0.687486
0.0778284
1.91581
0.489381
-1.92062
0.107178
0.964603
-0.151768
-0.75572
0.635852
0.535995
1.24596
-0.758972
0.681552
0.0920171
-1.14721
-0.875848
-0.516186
-1.96273
0.165529
0.0196333
-1.82132
-1.35642
-0.0969152
-0.734075
0.0609274
-0.215837
0.283057
-0.478458
-0.705973
1.69107
-0.116722
-0.696998
-0.265102
-2.69118
-0.711251
0.121708
-0.731244
-0.526575
0.568119
-0.315169
-2.41328
1.15098
1.06021
0.263739
-0.414607
1.12871
0.297161
-1.40242
-1.06051
-0.749475
1.83072
-0.215673
1.72057
0.23512
0.0629387
-1.32481
0.249112
-1.11436
-0.619531
-0.740985
-0.0748814
2.2882
0.483492
0.160609
-0.719419
0.714179
-0.513404
0.44388
-0.293859
0.971783
-0.937309
-0.721107
-0.604831
-0.265593
-2.22408
1.97235
1.1206
1.63139
-0.441884
-0.347255
3.36561
-1.12015
-0.410005
0.825053
-0.376199
1.77913
0.382661
0.961845
0.880551
0.199424
-1.04415
0.572977
0.00953114
-0.487029
-0.131313
-0.463556
-1.03113
-1.01725
-1.05734
-2.12737
-1.53055
1.13745
-0.392674
-0.293421
2.144
-0.41452
-0.35086
-0.697959
1.58476
0.426717
-0.186983
0.794937
-0.585998
0.535939
-0.462074
-0.205541
-0.974677
1.10756
-0.289446
0.449935
-1.44262
-0.586044
0.233959
0.238299
-2.53096
-1.66496
-1.03093
-0.00982462
-0.567091
1.73387
-1.79384
0.0092256
0.66234
-2.78604
-0.0990222
-0.639591
0.681783
0.380872
-2.4321
-0.489711
-0.227237
-1.03162
-1.82186
-0.983351
-0.941648
1.5368
-0.273164
1.01226
0.387626
0.760187
2.40609
-0.808427
-0.262713
0.414966
0.278665
1.14129
0.870535
-0.0868006
0.871562
-0.62305
-1.36126
-1.53525
0.115705
-1.75826
-0.815206
0.689948
-0.542407
-0.087691
-1.10209
-0.307183
-0.953402
1.20519
-1.5401
-1.18354
-0.655318
-0.827869
1.23228
-0.698485
-1.95299
2.4279
-0.55215
-1.111
2.77129
1.05848
0.255331
-2.38707
0.685447
0.405766
0.657555
0.479467
-0.0143231
-0.787131
0.515892
-0.83826
0.417144
0.000685419
-0.94841
1.07697
1.1629
-1.98196
0.707003
-0.531732
1.02444
1.75668
0.311006
-1.45718
0.596329
-1.13698
0.814313
0.540429
1.5953
-0.16084
0.700299
-0.94985
-0.0919594
0.334763
1.40952
0.174073
-0.15518
1.0248
0.539001
0.470934
-0.736546
-1.02614
-0.959467
1.33609
0.505301
0.283332
0.134443
-1.83825
-1.43472
0.483515
-0.728814
0.122153
-0.237936
1.73718
-1.65582
0.776141
-2.16666
1.42393
-1.60235
-1.18901
1.10727
0.158433
1.21534
0.81697
0.790494
0.345417
-1.07931
0.974187
-0.857337
-0.193968
1.02062
-1.28468
-0.603964
1.05416
1.93147
-1.51662
-0.774255
1.21593
-0.770009
-0.117925
1.4081
1.03632
-0.961605
0.11474
-0.291388
-0.405213
1.33809
-1.18754
1.78223
0.324277
1.28613
0.291889
-1.16932
1.25859
-1.13564
0.466681
0.984549
2.06084
0.58575
1.49049
1.37654
-0.467183
-0.193339
0.823634
-0.493561
-0.621113
-0.0108644
-0.434885
-0.241765
0.0190073
-0.0174526
0.0941751
0.46312
-2.14066
-0.248661
-0.291431
1.22037
-2.73265
-1.08082
-1.29551
1.54416
-0.101574
-2.66608
-0.0931785
0.675124
1.02037
1.27201
-2.29959
-0.610397
0.287512
1.62268
-0.389257
0.463969
-1.48201
-0.432752
0.510882
-0.238904
-0.327526
-0.98625
0.3625
0.528902
2.04633
0.262979
0.599637
-1.96281
-2.53255
-3.10516
-0.0041995
-0.35042
0.0844229
0.728435
0.339981
-1.99783
-0.602867
0.0296842
1.13651
0.389888
1.0858
-0.162984
-2.49911
-0.934642
1.10622
0.366531
-2.38537
-1.52551
0.591603
0.764332
-2.16481
0.450384
1.08652
-0.179749
-0.84101
2.39777
-0.26355
0.740892
0.651442
-1.45879
2.09834
0.821097
0.315698
1.13316
-1.26267
-0.179959
1.14561
-0.697569
