000 001 011 00 00 110 001 00 010 1 0000100  
00 01 00 00 - - 111 00 000 0 0000000  
000 001 000 11 10 000 000 00 000 0 0000000  
00 10 00 00 - - 111 00 000 0 0000000  
000 001 011 00 00 111 001 00 010 1 0001000  
00 01 00 00 - - 111 00 000 0 0000000  
000 001 001 10 11 000 000 00 000 0 0000000  
00 10 00 00 - - 111 00 000 0 0000000  
000 001 010 00 00 000 000 00 000 0 0000000  
010 001 011 00 00 110 001 00 010 1 0001101  
00 01 00 00 - - 111 00 000 0 0000000  
010 001 010 11 10 000 000 00 000 0 0000000  
00 10 00 00 - - 111 00 000 0 0000000  
000 001 011 00 00 101 001 00 010 0 0010000  
000 010 011 00 00 101 001 00 010 1 0010000  
01 00 00 00 - - 111 00 111 0 0010001  
10 00 00 00 - - 111 00 000 0 0000000  
011 001 011 00 00 110 000 00 000 0 0000000  
            
            
            
            
            
            
            
            
            
            
            
            
            
            
            
            
            
            
            
            
            
            
            
            
            
            
            
            
            
            
            
            
            
            
            
            
            
            
            
            
            
            
            
            
            
            
            
            
            
            
            
            
            
            
            
            
            
            
            
            
            
            
            
            
            
            
            
            
            
            
            
            
            
            
            
            
            
            
            
            
            
            
            
            
            
            
            
            
            
            
            
            
            
            
            
            
            
            
            
            
            
            
            
            
            
            
            
            
            
            
