000 001 010 10 10 000 000 00 000 0 0000101  
000 001 011 10 10 000 000 00 000 0 0000000  
001 001 001 00 00 110 010 01 011 1 0000101  
010 000 010 00 00 000 000 00 001 1 0000101  
00 00 01 00 - - 111 00 000 0 0000000  
010 001 010 00 00 110 010 00 000 0 0000000  
011 001 011 00 00 110 011 00 100 1 0000010  
            
            
            
            
            
            
            
            
            
            
            
            
            
            
            
            
            
            
            
            
            
            
            
            
            
            
            
            
            
            
            
            
            
            
            
            
            
            
            
            
            
            
            
            
            
            
            
            
            
            
            
            
            
            
            
            
            
            
            
            
            
            
            
            
            
            
            
            
            
            
            
            
            
            
            
            
            
            
            
            
            
            
            
            
            
            
            
            
            
            
            
            
            
            
            
            
            
            
            
            
            
            
            
            
            
            
            
            
            
            
            
            
            
            
            
            
            
            
            
            
            
