000 000 010 00 00 110 001 00 010 1 0000011
000 000 000 11 00 110 000 00 000 0 0000000
000 001 010 00 00 111 001 00 010 1 0000101
000 001 001 00 11 111 000 00 000 0 0000000
000 001 010 00 00 101 001 00 010 0 0001000
000 001 010 00 00 000 001 00 010 1 0001011
01 00 00 00 - - 111 00 000 0 0000000
000 001 010 00 00 001 001 00 010 0 0001011
000 001 010 00 00 010 001 00 000 0 0000000
000 001 011 00 00 111 001 00 000 0 0001100
000 000 011 00 00 110 001 00 000 0 0000000
010 000 010 00 00 110 010 00 010 1 0001111
00 01 00 00 - - 111 00 000 0 0000000 
010 000 010 11 10 000 000 00 000 0 0010000
10 00 00 00 - - 111 00 000 0 0000000 