22 - 23
Испания Isidro Díaz de Mera				20	5	9	6	135(6.8)	70(3.5)	65(3.3)	5	2	3
Испания Guillermo Cuadra Fernández		20	10	2	8	131(6.6)	61(3.1)	70(3.5)	5	1	4
Испания Alejandro Hernández Hernández	20	8	9	3	121(6.1)	59(3.0)	62(3.1)	8	4	4
Испания Cesar Soto Grado				20	11	4	5	118(5.9)	54(2.7)	64(3.2)	4	2	2
Испания Alejandro Muñiz Ruiz			20	13	5	2	114(5.7)	57(2.9)	57(2.9)	8	2	6
Испания Jesús Gil Manzano				20	5	5	10	112(5.6)	55(2.8)	57(2.9)	4	1	3
Испания Juan Pulido Santana				7	3	4	0	39(5.6)		17(2.4)	22(3.1)	1	0	1
Испания Pablo González Fuertes			20	8	3	9	106(5.3)	51(2.6)	55(2.8)	8	3	5
Испания Juan Martínez Munuera			20	10	4	6	104(5.2)	49(2.5)	55(2.8)	5	3	2
Испания Jorge Figueroa Vázquez			20	10	3	7	100(5.0)	37(1.9)	63(3.2)	7	5	2
Испания Antonio Mateu Lahoz				20	11	3	6	99(5.0)		48(2.4)	51(2.6)	4	1	3
Испания Carlos Del Cerro Grande			20	8	5	7	99(5.0)		50(2.5)	49(2.5)	5	3	2
Испания José Sánchez Martínez			20	7	7	6	98(4.9)		42(2.1)	56(2.8)	5	3	2
Испания Valentín Pizarro Gómez			20	9	7	4	97(4.9)		46(2.3)	51(2.6)	9	3	6
Испания Javier Iglesias Villanueva		8	0	3	5	39(4.9)		15(1.9)	24(3.0)	1	1	0
Испания Miguel Ángel Ortiz Arias		20	12	3	5	89(4.5)		44(2.2)	45(2.3)	10	7	3
Испания Ricardo De Burgos Bengoetxea	20	10	4	6	88(4.4)		43(2.2)	45(2.3)	3	3	0
Испания José Munuera Montero			20	9	5	6	83(4.2)		45(2.3)	38(1.9)	5	3	2
Испания Mario Melero López				20	7	5	8	79(4.0)		36(1.8)	43(2.2)	3	3	0
Испания Javier Alberola Rojas			20	9	6	5	74(3.7)		32(1.6)	42(2.1)	4	2	2
21-22
Испания Alejandro Hernández Hernández	20	7	8	5	131(6.6)	66(3.3)	65(3.3)	5	2	3
Испания Isidro Díaz de Mera				20	9	6	5	127(6.4)	59(3.0)	68(3.4)	5	1	4
Испания Guillermo Cuadra Fernández		15	7	2	6	93(6.2)		46(3.1)	47(3.1)	3	2	1
Испания Adrián Cordero Vega				19	10	6	3	110(5.8)	50(2.6)	60(3.2)	3	2	1
Испания Carlos Del Cerro Grande			19	7	8	4	109(5.7)	53(2.8)	56(2.9)	4	1	3
Испания Alejandro Muñiz Ruiz			19	10	7	2	104(5.5)	56(2.9)	48(2.5)	5	3	2
Испания Cesar Soto Grado				21	8	7	6	113(5.4)	49(2.3)	64(3.0)	3	3	0
Испания José Sánchez Martínez			22	10	6	6	112(5.1)	57(2.6)	55(2.5)	3	2	1
Испания Antonio Mateu Lahoz				20	11	4	5	97(4.9)		48(2.4)	49(2.5)	3	2	1
Испания Valentín Pizarro Gómez			18	7	7	4	88(4.9)		44(2.4)	44(2.4)	5	1	4
Испания Jesús Gil Manzano				19	8	6	5	91(4.8)		43(2.3)	48(2.5)	5	3	2
Испания Juan Martínez Munuera			17	5	5	7	82(4.8)		40(2.4)	42(2.5)	5	2	3
Испания Pablo González Fuertes			20	7	4	9	94(4.7)		48(2.4)	46(2.3)	9	5	4
Испания Miguel Ángel Ortiz Arias		17	8	4	5	76(4.5)		38(2.2)	38(2.2)	7	5	2
Испания Santiago Jaime Latre			20	6	9	5	88(4.4)		37(1.9)	51(2.6)	3	3	0
Испания Jorge Figueroa Vázquez			19	8	6	5	81(4.3)		42(2.2)	39(2.1)	4	3	1
Испания José Munuera Montero			20	11	3	6	83(4.2)		41(2.1)	42(2.1)	3	1	2
Испания Ricardo De Burgos Bengoetxea	19	10	3	6	79(4.2)		36(1.9)	43(2.3)	2	2	0
Испания Mario Melero López				17	7	4	6	71(4.2)		30(1.8)	41(2.4)	1	1	0
Испания Javier Alberola Rojas			19	9	6	4	71(3.7)		31(1.6)	40(2.1)	4	2	2
20 - 21
Испания José Sánchez Martínez			18	7	5	6	98(5.4)		45(2.5)	53(2.9)	3	2	1
Испания Alejandro Hernández Hernández	17	3	8	6	89(5.2)		49(2.9)	40(2.4)	1	1	0
Испания Carlos Del Cerro Grande			21	8	8	5	108(5.1)	57(2.7)	51(2.4)	5	4	1
Испания Pablo González Fuertes			21	9	6	6	107(5.1)	45(2.1)	62(3.0)	5	1	4
Испания David Medié Jiménez				18	7	6	5	90(5.0)		43(2.4)	47(2.6)	7	2	5
Испания Jesús Gil Manzano				19	9	4	6	90(4.7)		45(2.4)	45(2.4)	3	1	2
Испания Ricardo De Burgos Bengoetxea	19	6	4	9	89(4.7)		47(2.5)	42(2.2)	4	3	1
Испания Antonio Mateu Lahoz				18	11	1	6	83(4.6)		38(2.1)	45(2.5)	3	1	2
Испания Cesar Soto Grado				19	15	2	2	86(4.5)		39(2.1)	47(2.5)	1	0	1
Испания Isidro Díaz de Mera				19	5	8	6	85(4.5)		44(2.3)	41(2.2)	5	3	2
Испания Santiago Jaime Latre			19	6	7	6	81(4.3)		39(2.1)	42(2.2)	3	2	1
Испания Juan Martínez Munuera			17	8	3	6	73(4.3)		32(1.9)	41(2.4)	3	1	2
Испания Adrián Cordero Vega				18	9	4	5	75(4.2)		33(1.8)	42(2.3)	7	3	4
Испания Valentín Pizarro Gómez			18	5	10	3	73(4.1)		32(1.8)	41(2.3)	6	2	4
Испания Javier Estrada Fernández		22	11	5	6	86(3.9)		50(2.3)	36(1.6)	3	3	0
Испания Mario Melero López				18	5	7	6	70(3.9)		33(1.8)	37(2.1)	1	0	1
Испания Jorge Figueroa Vázquez			18	8	4	6	67(3.7)		34(1.9)	33(1.8)	4	2	2
Испания Guillermo Cuadra Fernández		21	9	4	8	72(3.4)		37(1.8)	35(1.7)	2	0	2
Испания Javier Alberola Rojas			20	11	7	2	63(3.2)		28(1.4)	35(1.8)	0	0	0
Испания José Munuera Montero			20	6	6	8	53(2.7)		30(1.5)	23(1.2)	3	3	0
19 - 20
Испания Javier Estrada Fernández		 20	7	4	9	128(6.4)	66(3.3)	62(3.1)	5	2	3
Испания David Medié Jiménez				19	7	5	7	116(6.1)	64(3.4)	52(2.7)	5	3	2
Испания Mario Melero López				19	9	4	6	112(5.9)	57(3.0)	55(2.9)	3	1	2
Испания Pablo González Fuertes			19	7	7	5	111(5.8)	55(2.9)	56(2.9)	3	1	2
Испания José Sánchez Martínez			19	5	8	6	108(5.7)	54(2.8)	54(2.8)	6	2	4
Испания Alejandro Hernández Hernández	19	8	7	4	104(5.5)	43(2.3)	61(3.2)	3	0	3
Испания Ricardo De Burgos Bengoetxea	17	12	2	3	92(5.4)		44(2.6)	48(2.8)	3	0	3
Испания Cesar Soto Grado				19	11	5	3	101(5.3)	55(2.9)	46(2.4)	1	1	0
Испания Eduardo Prieto Iglesias			18	8	4	6	95(5.3)		49(2.7)	46(2.6)	6	4	2
Испания Antonio Mateu Lahoz				21	10	5	6	109(5.2)	54(2.6)	55(2.6)	5	3	2
Испания Juan Martínez Munuera			19	9	4	6	98(5.2)		48(2.5)	50(2.6)	3	2	1
Испания Guillermo Cuadra Fernández		20	9	5	6	100(5.0)	52(2.6)	48(2.4)	4	3	1
Испания Santiago Jaime Latre			17	13	1	3	82(4.8)		35(2.1)	47(2.8)	7	3	4
Испания Jesús Gil Manzano				19	9	6	4	89(4.7)		45(2.4)	44(2.3)	6	2	4
Испания José González González			18	9	8	1	75(4.2)		37(2.1)	38(2.1)	3	3	0
Испания Adrián Cordero Vega				20	9	8	3	82(4.1)		44(2.2)	38(1.9)	3	0	3
Испания José Munuera Montero			20	8	4	8	79(4.0)		40(2.0)	39(2.0)	7	3	4
Испания Carlos Del Cerro Grande			19	6	6	7	71(3.7)		37(1.9)	34(1.8)	2	0	2
Испания Valentín Pizarro Gómez			18	9	4	5	66(3.7)		31(1.7)	35(1.9)	4	2	2
Испания Javier Alberola Rojas			20	9	8	3	68(3.4)		25(1.3)	43(2.2)	3	1	2
18 - 19
Испания Alejandro Hernández Hernández	16	5	6	5	112(7.0)	56(3.5)	56(3.5)	3	1	2
Испания Javier Estrada Fernández		21	6	9	6	127(6.0)	60(2.9)	67(3.2)	6	4	2
Испания José Munuera Montero			19	9	4	6	111(5.8)	57(3.0)	54(2.8)	5	3	2
Испания Antonio Mateu Lahoz				19	10	6	3	108(5.7)	56(2.9)	52(2.7)	5	3	2
Испания Jesús Gil Manzano				19	8	6	5	108(5.7)	50(2.6)	58(3.1)	6	2	4
Испания José Sánchez Martínez			21	8	5	8	117(5.6)	56(2.7)	61(2.9)	5	1	4
Испания Ricardo De Burgos Bengoetxea	20	9	6	5	108(5.4)	47(2.4)	61(3.1)	2	1	1
Испания Mario Melero López				20	12	2	6	100(5.0)	50(2.5)	50(2.5)	3	2	1
Испания Juan Martínez Munuera			19	10	5	4	95(5.0)		44(2.3)	51(2.7)	3	0	3
Испания Adrián Cordero Vega				18	5	8	5	90(5.0)		41(2.3)	49(2.7)	3	2	1
Испания Alberto Undiano Mallenco		20	8	6	6	94(4.7)		55(2.8)	39(2.0)	2	2	0
Испания Ignacio Iglesias Villanueva		19	8	5	6	90(4.7)		47(2.5)	43(2.3)	9	2	7
Испания Pablo González Fuertes			19	10	5	4	90(4.7)		44(2.3)	46(2.4)	5	2	3
Испания Santiago Jaime Latre			19	12	5	2	89(4.7)		44(2.3)	45(2.4)	4	2	2
Испания David Medié Jiménez				17	9	4	4	80(4.7)		39(2.3)	41(2.4)	3	0	3
Испания Carlos Del Cerro Grande			19	6	6	7	82(4.3)		38(2.0)	44(2.3)	3	2	1
Испания José González González			19	10	4	5	81(4.3)		41(2.2)	40(2.1)	5	1	4
Испания Eduardo Prieto Iglesias			19	8	6	5	79(4.2)		37(1.9)	42(2.2)	0	0	0
Испания Javier Alberola Rojas			18	8	6	4	76(4.2)		38(2.1)	38(2.1)	2	0	2
Испания Guillermo Cuadra Fernández		19	7	6	6	75(3.9)		35(1.8)	40(2.1)	4	2	2
17 - 18
Испания Mario Melero López				19	10	6	3	116(6.1)	51(2.7)	65(3.4)	4	2	2
Испания David Fernández Borbalán		18	7	6	5	105(5.8)	54(3.0)	51(2.8)	7	3	4
Испания José Munuera Montero			19	10	2	7	106(5.6)	48(2.5)	58(3.1)	5	2	3
Испания Pablo González Fuertes			19	9	5	5	106(5.6)	54(2.8)	52(2.7)	6	4	2
Испания Daniel Trujillo Suárez			19	9	3	7	105(5.5)	46(2.4)	59(3.1)	5	3	2
Испания Javier Estrada Fernández		18	10	2	6	98(5.4)		40(2.2)	58(3.2)	1	0	1
Испания Jesús Gil Manzano				19	12	4	3	101(5.3)	47(2.5)	54(2.8)	3	1	2
Испания Santiago Jaime Latre			21	10	6	5	110(5.2)	50(2.4)	60(2.9)	5	3	2
Испания José Sánchez Martínez			21	12	3	6	109(5.2)	54(2.6)	55(2.6)	6	5	1
Испания Juan Martínez Munuera			19	10	4	5	99(5.2)		38(2.0)	61(3.2)	3	2	1
Испания Alejandro Hernández Hernández	18	9	4	5	94(5.2)		42(2.3)	52(2.9)	6	5	1
Испания Ignacio Iglesias Villanueva		20	10	4	6	99(5.0)		50(2.5)	49(2.5)	2	1	1
Испания Antonio Mateu Lahoz				17	8	4	5	81(4.8)		38(2.2)	43(2.5)	1	0	1
Испания Ricardo De Burgos Bengoetxea	20	9	4	7	91(4.6)		40(2.0)	51(2.6)	2	2	0
Испания Alfonso Álvarez Izquierdo		16	7	5	4	71(4.4)		29(1.8)	42(2.6)	1	1	0
Испания Carlos Del Cerro Grande			19	7	5	7	81(4.3)		42(2.2)	39(2.1)	1	1	0
Испания Alberto Undiano Mallenco		20	6	5	9	84(4.2)		37(1.9)	47(2.4)	1	1	0
Испания José González González			21	7	5	9	84(4.0)		51(2.4)	33(1.6)	3	1	2
Испания David Medié Jiménez				16	9	4	3	61(3.8)		29(1.8)	32(2.0)	4	2	2
Испания Javier Alberola Rojas			21	8	5	8	74(3.5)		29(1.4)	45(2.1)	5	3	2
16 - 17
Испания Jesús Gil Manzano				20	9	6	5	123(6.2)	57(2.9)	66(3.3)	5	1	4
Испания Alfonso Álvarez Izquierdo		18	10	6	2	112(6.2)	44(2.4)	68(3.8)	3	2	1
Испания Javier Estrada Fernández		18	12	2	4	106(5.9)	46(2.6)	60(3.3)	6	1	5
Испания Mario Melero López				18	10	4	4	102(5.7)	47(2.6)	55(3.1)	5	0	5
Испания Ignacio Iglesias Villanueva		20	8	8	4	112(5.6)	54(2.7)	58(2.9)	4	1	3
Испания Carlos Del Cerro Grande			19	10	4	5	107(5.6)	53(2.8)	54(2.8)	8	5	3
Испания Alejandro Hernández Hernández	18	8	4	6	99(5.5)		45(2.5)	54(3.0)	7	3	4
Испания Antonio Mateu Lahoz				17	8	1	8	93(5.5)		42(2.5)	51(3.0)	1	0	1
Испания Santiago Jaime Latre			20	8	6	6	108(5.4)	47(2.4)	61(3.1)	3	2	1
Испания Alberto Undiano Mallenco		18	6	4	8	94(5.2)		42(2.3)	52(2.9)	3	1	2
Испания David Fernández Borbalán		21	7	7	7	105(5.0)	55(2.6)	50(2.4)	5	3	2
Испания Carlos Clos Gómez				20	12	3	5	100(5.0)	47(2.4)	53(2.7)	4	1	3
Испания José Sánchez Martínez			21	12	3	6	102(4.9)	56(2.7)	46(2.2)	4	2	2
Испания Juan Martínez Munuera			20	10	2	8	98(4.9)		45(2.3)	53(2.7)	3	1	2
Испания Daniel Ocón Arráiz				17	8	2	7	78(4.6)		35(2.1)	43(2.5)	3	1	2
Испания Daniel Trujillo Suárez			17	7	7	3	78(4.6)		38(2.2)	40(2.4)	5	3	2
Испания José Munuera Montero			18	8	5	5	81(4.5)		39(2.2)	42(2.3)	7	2	5
Испания José González González			23	10	7	6	102(4.4)	44(1.9)	58(2.5)	3	2	1
Испания Ricardo De Burgos Bengoetxea	18	7	5	6	79(4.4)		37(2.1)	42(2.3)	5	2	3
Испания Iñaki Vicandi Garrido			19	11	3	5	75(3.9)		34(1.8)	41(2.2)	4	1	3
15 - 16
Испания José Sánchez Martínez			19	9	4	6	132(6.9)	65(3.4)	67(3.5)	6	1	5
Испания Mario Melero López				13	9	3	1	88(6.8)		49(3.8)	39(3.0)	4	2	2
Испания Ignacio Iglesias Villanueva		19	10	6	3	120(6.3)	54(2.8)	66(3.5)	9	4	5
Испания Jesús Gil Manzano				19	13	0	6	120(6.3)	56(2.9)	64(3.4)	3	1	2
Испания Веласко Карбальо				18	9	7	2	113(6.3)	48(2.7)	65(3.6)	8	3	5
Испания Carlos Clos Gómez				21	8	2	11	125(6.0)	59(2.8)	66(3.1)	4	2	2
Испания Javier Estrada Fernández		20	10	6	4	111(5.6)	51(2.6)	60(3.0)	8	4	4
Испания David Fernández Borbalán		19	10	3	6	106(5.6)	51(2.7)	55(2.9)	7	3	4
Испания Alejandro Hernández Hernández	19	11	3	5	104(5.5)	48(2.5)	56(2.9)	7	2	5
Испания Carlos Del Cerro Grande			19	10	2	7	103(5.4)	47(2.5)	56(2.9)	4	2	2
Испания José González González			20	9	6	5	105(5.3)	53(2.7)	52(2.6)	6	4	2
Испания Santiago Jaime Latre			18	12	4	2	95(5.3)		43(2.4)	52(2.9)	5	2	3
Испания Antonio Mateu Lahoz				20	7	4	9	103(5.2)	47(2.4)	56(2.8)	3	1	2
Испания Alfonso Álvarez Izquierdo		18	9	6	3	93(5.2)		47(2.6)	46(2.6)	12	5	7
Испания Eduardo Prieto Iglesias			20	8	7	5	102(5.1)	47(2.4)	55(2.8)	3	1	2
Испания Pedro Pérez Montero				17	5	8	4	86(5.1)		40(2.4)	46(2.7)	2	2	0
Испания Alberto Undiano Mallenco		23	9	8	6	113(4.9)	53(2.3)	60(2.6)	5	1	4
Испания Ricardo De Burgos Bengoetxea	19	6	4	9	87(4.6)		43(2.3)	44(2.3)	2	2	0
Испания Juan Martínez Munuera			18	8	5	5	79(4.4)		39(2.2)	40(2.2)	3	1	2
Испания Iñaki Vicandi Garrido			19	10	3	6	72(3.8)		29(1.5)	43(2.3)	7	2	5
Испания Альварес Сантон					1	1	0	0	8(8.0)		4(4.0)	4(4.0)	1	0	1
Испания Тейшейра Витинес Х. А.			1	0	1	0	4(4.0)		2(2.0)	2(2.0)	0	0	0
14 - 15
Испания Santiago Jaime Latre			18	7	6	5	128(7.1)	59(3.3)	69(3.8)	4	0	4
Испания Веласко Карбальо				19	7	6	6	130(6.8)	57(3.0)	73(3.8)	6	1	5
Испания Alfonso Álvarez Izquierdo		20	11	2	7	128(6.4)	57(2.9)	71(3.6)	7	3	4
Испания Jesús Gil Manzano				20	10	6	4	123(6.2)	55(2.8)	68(3.4)	6	3	3
Испания Antonio Mateu Lahoz				19	8	3	8	115(6.1)	59(3.1)	56(2.9)	11	7	4
Испания Тейшейра Витинес Ф.				18	8	7	3	104(5.8)	54(3.0)	50(2.8)	12	4	8
Испания Тейшейра Витинес Х. А.			16	7	3	6	92(5.8)		39(2.4)	53(3.3)	5	4	1
Испания José González González			21	10	4	7	120(5.7)	59(2.8)	61(2.9)	4	3	1
Испания Ignacio Iglesias Villanueva		17	7	4	6	96(5.6)		43(2.5)	53(3.1)	5	3	2
Испания Mario Melero López				17	7	4	6	96(5.6)		46(2.7)	50(2.9)	1	1	0
Испания Alejandro Hernández Hernández	22	7	7	8	119(5.4)	49(2.2)	70(3.2)	5	1	4
Испания Pedro Pérez Montero				18	5	3	10	95(5.3)		45(2.5)	50(2.8)	3	2	1
Испания Carlos Del Cerro Grande			20	11	7	2	104(5.2)	53(2.7)	51(2.6)	4	2	2
Испания Javier Estrada Fernández		19	9	4	6	96(5.1)		44(2.3)	52(2.7)	2	0	2
Испания Eduardo Prieto Iglesias			21	11	3	7	102(4.9)	50(2.4)	52(2.5)	4	2	2
Испания Juan Martínez Munuera			16	5	5	6	76(4.8)		33(2.1)	43(2.7)	3	0	3
Испания Alberto Undiano Mallenco		20	9	3	8	94(4.7)		53(2.7)	41(2.1)	4	1	3
Испания Carlos Clos Gómez				20	11	7	2	94(4.7)		46(2.3)	48(2.4)	3	2	1
Испания David Fernández Borbalán		17	9	3	5	77(4.5)		32(1.9)	45(2.6)	3	1	2
Испания Iñaki Vicandi Garrido			21	12	3	6	66(3.1)		30(1.4)	36(1.7)	9	4	5
Испания Джэллего Гарсия					1	0	1	0	8(8.0)		4(4.0)	4(4.0)	0	0	0
13 - 14
Испания Тейшейра Витинес Х. А.			22	8	7	7	139(6.3)	72(3.3)	67(3.0)	9	4	5
Испания Веласко Карбальо				18	9	4	5	108(6.0)	46(2.6)	62(3.4)	7	4	3
Испания Antonio Mateu Lahoz				19	6	5	8	112(5.9)	57(3.0)	55(2.9)	7	3	4
Испания Мунис Фернандес					18	12	2	4	106(5.9)	57(3.2)	49(2.7)	6	2	4
Испания David Fernández Borbalán		22	9	6	7	124(5.6)	65(3.0)	59(2.7)	5	3	2
Испания Alfonso Álvarez Izquierdo		22	11	4	7	115(5.2)	52(2.4)	63(2.9)	8	5	3
Испания Тейшейра Витинес Ф.				19	8	4	7	99(5.2)		46(2.4)	53(2.8)	9	2	7
Испания Ignacio Iglesias Villanueva		19	11	3	5	98(5.2)		44(2.3)	54(2.8)	6	5	1
Испания Jesús Gil Manzano				20	7	2	11	102(5.1)	44(2.2)	58(2.9)	6	4	2
Испания Alejandro Hernández Hernández	20	10	5	5	101(5.1)	50(2.5)	51(2.6)	7	3	4
Испания Pedro Pérez Montero				16	7	5	4	82(5.1)		41(2.6)	41(2.6)	5	4	1
Испания José González González			20	12	3	5	99(5.0)		37(1.9)	62(3.1)	6	2	4
Испания Javier Estrada Fernández		21	11	4	6	103(4.9)	47(2.2)	56(2.7)	7	4	3
Испания Carlos Clos Gómez				22	8	5	9	106(4.8)	52(2.4)	54(2.5)	8	2	6
Испания Феррейро Дельгадо				13	3	6	4	61(4.7)		26(2.0)	35(2.7)	4	1	3
Испания Alberto Undiano Mallenco		18	8	4	6	83(4.6)		44(2.4)	39(2.2)	3	2	1
Испания Carlos Del Cerro Grande			19	9	6	4	86(4.5)		41(2.2)	45(2.4)	3	1	2
Испания Айса Гамес						15	7	3	5	59(3.9)		28(1.9)	31(2.1)	5	3	2
Испания Eduardo Prieto Iglesias			18	11	4	3	64(3.6)		21(1.2)	43(2.4)	2	0	2
Испания Juan Martínez Munuera			19	12	4	3	55(2.9)		24(1.3)	31(1.6)	0	0	0
12 - 13
Испания Ромеро Парадас					10	6	1	3	72(7.2)		32(3.2)	40(4.0)	8	4	4
Испания Тейшейра Витинес Х. А.			20	9	2	9	139(7.0)	65(3.3)	74(3.7)	9	6	3
Испания Мунис Фернандес					20	13	2	5	138(6.9)	67(3.4)	71(3.6)	11	5	6
Испания Alfonso Álvarez Izquierdo		19	10	4	5	129(6.8)	68(3.6)	61(3.2)	7	3	4
Испания David Fernández Borbalán		11	6	1	4	70(6.4)		36(3.3)	34(3.1)	5	2	3
Испания Тейшейра Витинес Ф.				22	12	4	6	134(6.1)	65(3.0)	69(3.1)	8	4	4
Испания Alejandro Hernández Hernández	20	15	2	3	117(5.9)	48(2.4)	69(3.5)	11	3	8
Испания Jesús Gil Manzano				20	9	7	4	117(5.9)	58(2.9)	59(3.0)	6	4	2
Испания Перес Ласа						20	12	3	5	117(5.9)	66(3.3)	51(2.6)	10	4	6
Испания Alberto Undiano Mallenco		20	9	4	7	112(5.6)	51(2.6)	61(3.1)	4	2	2
Испания Carlos Del Cerro Grande			22	13	3	6	122(5.5)	62(2.8)	60(2.7)	8	2	6
Испания Веласко Карбальо				20	10	6	4	110(5.5)	48(2.4)	62(3.1)	6	2	4
Испания Ignacio Iglesias Villanueva		20	11	3	6	105(5.3)	42(2.1)	63(3.2)	9	2	7
Испания Pedro Pérez Montero				18	4	6	8	96(5.3)		41(2.3)	55(3.1)	8	5	3
Испания Antonio Mateu Lahoz				22	10	9	3	114(5.2)	51(2.3)	63(2.9)	4	2	2
Испания Carlos Clos Gómez				22	13	4	5	112(5.1)	62(2.8)	50(2.3)	11	6	5
Испания Javier Estrada Fernández		20	7	9	4	96(4.8)		46(2.3)	50(2.5)	3	0	3
Испания Феррейро Дельгадо				17	6	5	6	81(4.8)		34(2.0)	47(2.8)	4	1	3
Испания José González González			19	8	4	7	88(4.6)		32(1.7)	56(2.9)	4	2	2
Испания Айса Гамес						18	6	5	7	82(4.6)		39(2.2)	43(2.4)	6	3	3
11 - 12
Испания Тейшейра Витинес Х. А.			20	7	7	6	142(7.1)	70(3.5)	72(3.6)	8	6	2
Испания Мунис Фернандес					20	9	5	6	131(6.6)	64(3.2)	67(3.4)	12	7	5
Испания Веласко Карбальо				19	12	6	1	123(6.5)	62(3.3)	61(3.2)	16	5	11
Испания Итурральде Гонсалес				12	4	1	7	78(6.5)		31(2.6)	47(3.9)	4	2	2
Испания Ромеро Парадас					18	10	5	3	114(6.3)	46(2.6)	68(3.8)	7	3	4
Испания Туриенсо Альварес				20	14	3	3	124(6.2)	59(3.0)	65(3.3)	4	2	2
Испания Carlos Del Cerro Grande			18	5	4	9	111(6.2)	54(3.0)	57(3.2)	6	0	6
Испания Alfonso Álvarez Izquierdo		19	10	6	3	116(6.1)	46(2.4)	70(3.7)	6	2	4
Испания David Fernández Borbalán		17	4	9	4	104(6.1)	52(3.1)	52(3.1)	3	3	0
Испания Javier Estrada Fernández		22	14	4	4	128(5.8)	64(2.9)	64(2.9)	5	1	4
Испания Ignacio Iglesias Villanueva		22	14	7	1	126(5.7)	58(2.6)	68(3.1)	8	3	5
Испания Alberto Undiano Mallenco		19	6	7	6	109(5.7)	53(2.8)	56(2.9)	4	2	2
Испания Pedro Pérez Montero				18	11	1	6	98(5.4)		44(2.4)	54(3.0)	4	1	3
Испания Перес Ласа						18	11	2	5	96(5.3)		54(3.0)	42(2.3)	7	4	3
Испания Тейшейра Витинес Ф.				19	9	5	5	99(5.2)		44(2.3)	55(2.9)	6	2	4
Испания Феррейро Дельгадо				17	9	3	5	88(5.2)		46(2.7)	42(2.5)	3	2	1
Испания Carlos Clos Gómez				20	8	5	7	97(4.9)		52(2.6)	45(2.3)	7	5	2
Испания José González González			21	12	4	5	96(4.6)		37(1.8)	59(2.8)	5	0	5
Испания Antonio Mateu Lahoz				19	10	5	4	85(4.5)		38(2.0)	47(2.5)	7	1	6
Испания Айса Гамес						22	9	5	8	95(4.3)		50(2.3)	45(2.0)	7	2	5
10 - 11
Испания Мунис Фернандес					23	12	5	6	138(6.0)	62(2.7)	76(3.3)	9	4	5
Испания Alfonso Álvarez Izquierdo		21	14	4	3	126(6.0)	66(3.1)	60(2.9)	9	2	7
Испания Итурральде Гонсалес				14	7	3	4	82(5.9)		43(3.1)	39(2.8)	5	2	3
Испания Туриенсо Альварес				21	13	4	4	121(5.8)	53(2.5)	68(3.2)	4	1	3
Испания Carlos Clos Gómez				20	11	4	5	116(5.8)	57(2.9)	59(3.0)	8	4	4
Испания David Fernández Borbalán		17	7	4	6	97(5.7)		48(2.8)	49(2.9)	8	4	4
Испания Веласко Карбальо				16	7	3	6	91(5.7)		44(2.8)	47(2.9)	5	3	2
Испания Ignacio Iglesias Villanueva		18	7	7	4	100(5.6)	47(2.6)	53(2.9)	4	2	2
Испания Javier Estrada Fernández		17	8	5	4	95(5.6)		45(2.6)	50(2.9)	5	2	3
Испания Alberto Undiano Mallenco		19	9	2	8	102(5.4)	49(2.6)	53(2.8)	4	1	3
Испания Ромеро Парадас					16	11	2	3	85(5.3)		46(2.9)	39(2.4)	6	3	3
Испания José González González			18	10	1	7	94(5.2)		43(2.4)	51(2.8)	4	2	2
Испания Рамирес Домингес				19	13	2	4	97(5.1)		40(2.1)	57(3.0)	6	1	5
Испания Перес Ласа						17	6	6	5	87(5.1)		47(2.8)	40(2.4)	6	2	4
Испания Рубиньос Перес					15	8	2	5	75(5.0)		32(2.1)	43(2.9)	6	4	2
Испания Феррейро Дельгадо				17	8	4	5	80(4.7)		40(2.4)	40(2.4)	1	0	1
Испания Айса Гамес						18	8	7	3	81(4.5)		35(1.9)	46(2.6)	7	4	3
Испания Тейшейра Витинес Ф.				35	17	7	11	150(4.3)	77(2.2)	73(2.1)	7	4	3
Испания Antonio Mateu Lahoz				18	6	3	9	67(3.7)		33(1.8)	34(1.9)	3	1	2
09 - 10
Испания Гонсалес Васкес					11	5	3	3	69(6.3)		33(3.0)	36(3.3)	3	2	1
Испания Итурральде Гонсалес				22	8	9	5	134(6.1)	67(3.0)	67(3.0)	3	0	3
Испания Мунис Фернандес					16	10	5	1	93(5.8)		37(2.3)	56(3.5)	13	5	8
Испания Айса Гамес						19	14	2	3	108(5.7)	43(2.3)	65(3.4)	11	5	6
Испания Туриенсо Альварес				18	10	4	4	101(5.6)	47(2.6)	54(3.0)	6	2	4
Испания Веласко Карбальо				18	9	3	6	100(5.6)	41(2.3)	59(3.3)	12	5	7
Испания Javier Estrada Fernández		21	10	7	4	115(5.5)	55(2.6)	60(2.9)	8	3	5
Испания Перес Бурруль					17	8	6	3	94(5.5)		44(2.6)	50(2.9)	6	1	5
Испания Перес Ласа						18	8	4	6	98(5.4)		44(2.4)	54(3.0)	9	5	4
Испания Alberto Undiano Mallenco		17	11	2	4	92(5.4)		43(2.5)	49(2.9)	11	4	7
Испания Рубиньос Перес					20	13	5	2	105(5.3)	41(2.1)	64(3.2)	16	2	14
Испания Тейшейра Витинес Ф.				20	8	6	6	105(5.3)	52(2.6)	53(2.7)	9	5	4
Испания Carlos Clos Gómez				19	9	5	5	100(5.3)	46(2.4)	54(2.8)	14	4	10
Испания Рамирес Домингес				17	10	3	4	86(5.1)		34(2.0)	52(3.1)	4	4	0
Испания Alfonso Álvarez Izquierdo		17	8	7	2	83(4.9)		37(2.2)	46(2.7)	4	0	4
Испания José González González			17	7	4	6	81(4.8)		38(2.2)	43(2.5)	7	4	3
Испания Феррейро Дельгадо				20	9	1	10	94(4.7)		48(2.4)	46(2.3)	5	3	2
Испания Мехуто Гонсалес					19	7	5	7	89(4.7)		41(2.2)	48(2.5)	3	2	1
Испания David Fernández Borbalán		18	9	4	5	85(4.7)		40(2.2)	45(2.5)	5	2	3
Испания Antonio Mateu Lahoz				18	9	8	1	70(3.9)		35(1.9)	35(1.9)	7	3	4

